10
71
28
1 0 3 0 1 2 
1 1 2 3 4 
2 2 3 3 5 6 7 
1 2 2 8 9 
1 3 2 10 11 
1 1 3 12 13 14 
1 4 3 15 16 17 
3 5 6 7 3 18 19 20 
2 2 6 3 21 22 23 
1 1 3 24 25 26 
1 6 2 27 28 
2 2 8 1 29 
2 2 3 2 30 31 
1 0 3 32 33 34 
1 2 3 35 36 37 
1 1 3 38 39 40 
2 0 4 3 41 42 43 
1 3 2 44 45 
3 0 3 4 2 46 47 
1 9 3 48 49 50 
1 0 2 51 52 
1 9 3 53 54 55 
1 3 2 56 57 
1 3 3 58 59 60 
1 3 3 61 62 63 
1 4 3 64 65 66 
1 4 3 67 68 69 
2 1 4 1 70 
8
3 20 7 8 2018 9 30
3 20 7 8 2018 9 30
3 20 7 8 2018 9 30
3 20 7 8 2018 9 30
3 20 7 8 2018 9 30
3 20 7 8 2018 9 30
5 20 7 8 2018 16 30
5 20 7 8 2018 16 30
