schedule_capacity : 15
date_capacity : 20
time : 359.634344159
1.0 0.0 0.0 0.0 0.0 0.0 0.0 0.0 
0.0 0.0 0.0 0.0 0.0 0.0 0.0 1.0 
0.0 1.0 0.0 0.0 0.0 0.0 0.0 0.0 
0.0 0.0 1.0 0.0 0.0 0.0 0.0 0.0 
0.0 0.0 0.0 0.0 0.0 0.0 1.0 0.0 
0.0 0.0 0.0 0.0 0.0 0.0 0.0 1.0 
0.0 0.0 0.0 0.0 0.0 1.0 0.0 0.0 
0.0 0.0 0.0 0.0 1.0 0.0 0.0 0.0 
0.0 0.0 0.0 0.0 1.0 0.0 0.0 0.0 
0.0 0.0 0.0 0.0 0.0 0.0 0.0 1.0 
0.0 0.0 0.0 0.0 1.0 0.0 0.0 0.0 
0.0 0.0 1.0 0.0 0.0 0.0 0.0 0.0 
0.0 1.0 0.0 0.0 0.0 0.0 0.0 0.0 
1.0 0.0 0.0 0.0 0.0 0.0 0.0 0.0 
0.0 0.0 1.0 0.0 0.0 0.0 0.0 0.0 
0.0 0.0 0.0 0.0 0.0 0.0 0.0 1.0 
0.0 0.0 0.0 1.0 0.0 0.0 0.0 0.0 
0.0 0.0 0.0 0.0 0.0 0.0 1.0 0.0 
0.0 1.0 0.0 0.0 0.0 0.0 0.0 0.0 
0.0 0.0 0.0 1.0 0.0 0.0 0.0 0.0 
1.0 0.0 0.0 0.0 0.0 0.0 0.0 0.0 
0.0 0.0 0.0 1.0 0.0 0.0 0.0 0.0 
0.0 0.0 0.0 0.0 0.0 0.0 1.0 0.0 
0.0 0.0 0.0 0.0 0.0 0.0 1.0 0.0 
0.0 0.0 0.0 0.0 0.0 0.0 1.0 0.0 
0.0 0.0 0.0 0.0 0.0 1.0 0.0 0.0 
0.0 0.0 0.0 0.0 0.0 1.0 0.0 0.0 
0.0 0.0 0.0 0.0 0.0 0.0 0.0 1.0 
objective_function_value : 31.366666666666667