Horários:
3 60 24 09 2018 12 00 1 0
1 60 24 09 2018 12 00 1 1
2 60 24 09 2018 18 00 1 0
1 60 24 09 2018 18 00 1 1

1 60 25 09 2018 9 00 1 2
2 60 25 09 2018 9 00 1 0
1 60 25 09 2018 9 00 1 1
3 60 25 09 2018 12 00 1 0 
1 60 25 09 2018 12 00 1 2
2 60 25 09 2018 12 00 1 1
2 60 25 09 2018 18 00 1 0

1 60 26 09 2018 9 00 1 0
2 60 26 09 2018 12 00 1 0
2 60 26 09 2018 12 00 1 1
1 60 26 09 2018 12 00 1 2
2 60 26 09 2018 18 00 1 0

2 60 27 09 2018 9 00 1 2
2 60 27 09 2018 9 00 1 0
1 60 27 09 2018 9 00 1 1
3 60 27 09 2018 12 00 1 0
1 60 27 09 2018 12 00 1 1
1 60 27 09 2018 12 00 1 2
1 60 27 09 2018 18 00 1 1
2 60 27 09 2018 18 00 1 0

2 60 28 09 2018 9 00 1 0
1 60 28 09 2018 9 00 1 1
1 60 28 09 2018 9 00 1 2
3 60 28 09 2018 12 00 1 0

Tipos:
0 - Palestra
1 - Minicurso
2 - Feira

Apresentações:

Fazer um .py pra gerar isso

